Col_No	Population	Longitude	Latitude	No_Ind	Ploidy1	POP_ABPT
401	A	-57.076	-27.5831	30	4	1
M29	B	-57.5069	-29.8516	30	4	1
402	C	-57.28145	-29.60798	30	4	1
403	D	-57.4844	-29.82671	32	4	1
404	E	-58.20937	-29.90815	30	4	1
405	F	-58.70831	-30.10079	31	4	1
406	G	-58.83574	-29.87327	20	4	1
407	NA	-58.76494	-29.80516	1	4	0
408	NA	-58.74647	-29.78708	1	4	0
409	H	-58.65584	-29.47009	30	4	1
410	I	-58.65475	-29.2953	31	4	1
411	NA	-57.47974	-27.92195	1	4	0
412	NA	-56.59378	-27.56915	1	2	0
413	NA	-57.96355	-27.32959	1	2	0
414	J	-59.11377	-27.5268	30	4	1
415	K	-59.34552	-28.48242	30	4	1
416	M	-59.77002	-29.58014	30	4	1
420	P	-59.63136	-28.52924	30	2	1
421	NA	-59.34472	-27.17748	NA	2	0
422	Q	-59.6113	-27.09917	30	2	1
423	R	-59.73522	-25.25398	31	2	1
424	S	-58.93208	-24.95655	30	4	1
425	T	-58.13835	-25.40336	30	2	1
426	NA	-57.9286	-25.48052	1	NA	0
427	NA	-57.86054	-25.5432	1	NA	0
428	NA	-58.04519	-25.981791	1	2	0
429	U	-58.14276	-25.96397	30	2	1
430	NA	-58.37255	-26.02715	1	2	0
431	NA	-58.75047	-25.85316	1	NA	0
432	V	-58.93347	-25.77588	30	2	1
M31	W	-59.5572	-26.0305	30	2	1
M26	X	-59.4269	-26.3516	30	2	1
433	NA	-59.15915	-25.80561	1	2	0
434	NA	-59.09938	-26.31699	1	2	0
435	NA	-58.73112	-26.58489	1	NA	0
436	NA	-58.64436	-26.6749	1	NA	0
437	NA	-58.78233	-26.88637	1	NA	0
440	2C	-59.8931	-27.73475	30	4	1
441	2D	-59.98304	-28.37057	1	NA	0
442	2E	-59.99956	-28.50595	1	4	0
443	2F	-60.09288	-28.78237	30	4	1
444	2G	-60.14272	-28.99336	1	4	0
445	2H	-60.17697	-29.29074	30	4	1
448	2K	-61.0186	-30.0982	1	4	0
451	2M	-61.19	-30.50303	30	4	1
453	2Ñ	-61.08156	-29.31401	16	4	1
454	2O	-60.99241	-29.1106	1	4	0
455	2P	-60.74791	-28.15866	30	4	1
456	2Q	-60.69983	-27.49539	30	2	1
456	2Q	-60.69983	-27.49539	30	4	1
459	NA	-60.27718	-26.8625	NA	4	0
460	NA	-60.1902	-26.89304	1	4	0
465	2R	-60.17674	-26.89774	30	4	1
466	NA	-59.99973	-26.9599	1	4	0
467	NA	-59.7264	-27.05106	1	2	0
468	2S	-58.78228	-26.88631	30	2	1
470	2T	-58.12484	-27.74285	31	2	1
470	2T	-58.12484	-27.74285	31	4	1
474	NA	-58.01721	-31.28989	1	4	0
475	2U	-58.00263	-31.26702	30	4	1
477	NA	-56.80818	-29.35417	2	NA	0
478	2V	-56.38324	-28.79345	30	4	1
479	NA	-56.10051	-28.60016	1	NA	0
480	NA	-56.02895	-28.47094	1	4	0
481	2W	-55.93099	-28.34389	30	2	1
481	2W	-55.93099	-28.34389	30	4	1
482	NA	-56.09195	-27.49069	1	2	0
483	NA	-56.64299	-27.58813	2	2	0
485	NA	-57.4813	-27.92212	1	4	0
471	2X	-57.93462	-28.34835	30	4	1
485	NA	-57.4813	-27.92212	1	4	0
486	NA	-58.74216	-28.17197	1	NA	0
487	2Y	-58.74547	-28.16563	31	2	1
487	2Y	-58.74547	-28.16563	31	4	1
M9	NA	-58.3854	-27.61325	10	2	1
M15	NA	-57.15846	-28.523	14	4	1
M28	NA	-58.753983	-27.615017	17	2	1
M35	NA	-57.78926	-27.38394	2	4	0
